---
CameraID: 0
Name: "Slim 13E #22610"
path: ~
R: [0.2512523077862799, -0.901922591434231, -0.3512946297520498, 0.8319607982366595, 0.01574437764379918, 0.5546109850787575, -0.4946852615850696, -0.4316106505094269, 0.7543200503349626]
r_vec_u: [0.002193430602065394, 0.002695440459121306, 0.0008239628617157281]
T: [132.821365693277, -218.8914553123238, 1527.260200517491]
T_u: [0.1769981087149209, 0.2065286540807205, 1.358814720911565]
f: [2678.380992069388, 2684.079478018751]
f_u: [2.834755826934798, 2.834755826934798]
c: [759.4523528452168, 581.7104555881049]
c_u: [1.545774075159163e-13, 1.164943428871038e-14]
distortion: [-0.6766638051773172, 0.5016096032483014, -0.0008346904231396806, 0.002804228963273106]
distortion_uncertainty: [0.004964101879708899, 0.04400399931991646, 0.000250335401852973, 0.0003778516613053164]
centriod_loc_uncertainty: 0
sensor_size: [6.144, 4.9152]
pixel_size: [0.0048, 0.0048]
avg_reprojection_error: 0
imagelist:
  []
...
---
CameraID: 1
Name: "Slim 13E #22611"
path: ~
R: [0.08626221296238899, -0.992292660149827, -0.08896126813176458, 0.7994401443385424, 0.01565720207169662, 0.6005416785230289, -0.5945202151607651, -0.1229232632013416, 0.7946292123557577]
r_vec_u: [0.003257667454408356, 0.002859975729530463, 0.000904371649085052]
T: [169.5787849161344, -190.8632309597689, 1677.433797357805]
T_u: [0.1198748165684291, 0.216096572388995, 1.551005074420088]
f: [2662.49232496757, 2670.797594469044]
f_u: [5.084007583311623, 5.084007583311623]
c: [730.0693139519935, 587.2732505506692]
c_u: [1.181492790063692e-13, 2.023720696951713e-13]
distortion: [-0.664691713889548, 0.1450233543736457, 0.004104789786131902, 0.000105021588509519]
distortion_uncertainty: [0.007390868397065414, 0.1122534553760753, 0.0003702464480358469, 0.0003901847644368078]
centriod_loc_uncertainty: 0
sensor_size: [6.144, 4.9152]
pixel_size: [0.0048, 0.0048]
avg_reprojection_error: 0
imagelist:
  []
...
---
CameraID: 2
Name: "Slim 13E #22612"
path: ~
R: [-0.05638829840697643, -0.9955463089589969, 0.0755506884209779, 0.7837001687968674, 0.002747762185743741, 0.6211332346853873, -0.6185744944875496, 0.09423373345617009, 0.7800548687421831]
r_vec_u: [0.002161121182407561, 0.001656664360586224, 0.0004101936327528275]
T: [86.70551747476057, -141.3834827567568, 1619.642810652486]
T_u: [0.0322448475442536, 0.1370706728619498, 0.4953692980442703]
f: [2683.710537089786, 2688.737364670742]
f_u: [3.685285647828862, 3.685285647828862]
c: [708.6650845844258, 521.279630116662]
c_u: [1.266507807982345e-13, 1.057974725004684e-13]
distortion: [-0.6522022148126134, 0.2860748417927364, -0.0001345570304307857, -6.0233488703024e-05]
distortion_uncertainty: [0.005427307905746687, 0.05904121303487846, 0.0002390827108893495, 0.0002587377554178421]
centriod_loc_uncertainty: 0
sensor_size: [6.144, 4.9152]
pixel_size: [0.0048, 0.0048]
avg_reprojection_error: 0
imagelist:
  []
...
---
CameraID: 3
Name: "Slim 13E #22613"
path: ~
R: [-0.2468420756295453, -0.9068759254945205, 0.3415333738558433, 0.8148418305622829, -0.003484063105243795, 0.5796728840218309, -0.524501459354315, 0.4213833374289212, 0.7398204525913421]
r_vec_u: [0.002324549081508558, 0.001661749931705886, 0.0006835185898437588]
T: [30.15774039612797, -145.7588024026634, 1553.810565721176]
T_u: [0.09954021876329268, 0.1651614980036826, 1.001662114613269]
f: [2724.987775128384, 2730.054060993035]
f_u: [4.199239214307529, 4.199239214307529]
c: [677.3832791944037, 519.2115207593122]
c_u: [1.266507807982345e-13, 8.031698357305928e-14]
distortion: [-0.695321644973163, 0.7004737175563988, -0.001909547509031923, -0.001179937934363252]
distortion_uncertainty: [0.005367464165413786, 0.04607103818450933, 0.0002364105980031148, 0.0001713657992653548]
centriod_loc_uncertainty: 0
sensor_size: [6.144, 4.9152]
pixel_size: [0.0048, 0.0048]
avg_reprojection_error: 0
imagelist:
  []
...
---
CameraID: 4
Name: "Slim 13E #22614"
path: ~
R: [0.25130888412382, 0.8825272412703077, 0.3974789468339939, -0.8396421979084353, -0.005513730876284997, 0.5431119389806454, 0.4815026731513885, -0.4702289518815748, 0.7396214630203909]
r_vec_u: [0.001978789384217532, 0.002550758294158945, 0.0008507536209180624]
T: [-153.4155686974043, -31.18886643347866, 1474.363116324395]
T_u: [0.1196751140429979, 0.1441537112988254, 1.37231440878903]
f: [2578.093781947117, 2578.789025750904]
f_u: [5.68320054643161, 5.68320054643161]
c: [643.7448803426546, 602.6539636357234]
c_u: [0, 1.971419841118057e-13]
distortion: [-0.662177952034979, 0.377944531762298, 0.004174462651277348, 0.002311410668957398]
distortion_uncertainty: [0.005195900850223012, 0.02608500124162448, 0.0005100759133655846, 0.0002183589579995432]
centriod_loc_uncertainty: 0
sensor_size: [6.144, 4.9152]
pixel_size: [0.0048, 0.0048]
avg_reprojection_error: 0
imagelist:
  []
...
---
CameraID: 5
Name: "Slim 13E #22615"
path: ~
R: [0.1459945403914499, 0.9855770513919369, 0.0855772747022526, -0.7998118596195603, 0.06667999276405931, 0.5965356383124865, 0.5822255434003132, -0.1555366655633343, 0.798011129169042]
r_vec_u: [0.002138565495872181, 0.002322438326920406, 0.0008501706400162375]
T: [-170.872413962033, -116.6181466805394, 1660.249241587961]
T_u: [0.0524383799474744, 0.1112078957736302, 1.167779006852591]
f: [2771.447732837129, 2775.829833243899]
f_u: [4.337025459594721, 4.337025459594721]
c: [607.5522004964107, 629.2165654018222]
c_u: [2.320622857404618e-14, 1.059000670050854e-13]
distortion: [-0.7046273121133202, 0.7979972122828128, -0.00237422903683597, 0.002827860221219294]
distortion_uncertainty: [0.005472485499339451, 0.05018571860355499, 0.0004589403778297633, 0.0003964344660453984]
centriod_loc_uncertainty: 0
sensor_size: [6.144, 4.9152]
pixel_size: [0.0048, 0.0048]
avg_reprojection_error: 0
imagelist:
  []
...
---
CameraID: 6
Name: "Slim 13E #22616"
path: ~
R: [-0.1135144209688632, 0.9861856413517607, -0.1206331506001578, -0.787312022856504, -0.01522736806187222, 0.6163666976139349, 0.6060150616096132, 0.1649424386066998, 0.7781643380731167]
r_vec_u: [0.002387138827833476, 0.00293698121021532, 0.0007209548243132864]
T: [-218.9891627793804, -53.39560825735718, 1551.286706045184]
T_u: [0.3292934856120396, 0.1354277460376909, 2.978527662895665]
f: [2690.221267849983, 2686.052461480543]
f_u: [4.094547162245975, 4.094547162245975]
c: [786.5449988935866, 526.1771778712672]
c_u: [1.630846760878261e-13, 1.236895168577665e-13]
distortion: [-0.6727265437984697, 0.2785217976502436, -0.002445368856549978, -0.002192924839677324]
distortion_uncertainty: [0.006401044953464575, 0.04803102682064163, 0.0003604331395309838, 0.000214563261766445]
centriod_loc_uncertainty: 0
sensor_size: [6.144, 4.9152]
pixel_size: [0.0048, 0.0048]
avg_reprojection_error: 0
imagelist:
  []
...
---
CameraID: 7
Name: "Slim 13E #22617"
path: ~
R: [-0.2572447333306468, 0.8893604941339355, -0.3779722987832395, -0.8260257243520011, 0.0006145392325854204, 0.5636320830562107, 0.5015043867030439, 0.4572062267898082, 0.73447655939603]
r_vec_u: [0.002894534775143274, 0.003252697978705448, 0.0008665543725051212]
T: [-197.3493583181317, -46.02184971514733, 1378.142124000387]
T_u: [0.4876530474212224, 0.1583450645556555, 3.626119541118818]
f: [2720.037833786839, 2711.137353461608]
f_u: [2.623830921015241, 2.623830921015241]
c: [802.5810292251293, 584.0526860537769]
c_u: [2.499737849681129e-13, 2.038568299633197e-13]
distortion: [-0.6309334818558432, -0.03216965352820856, -0.0001177105075168189, -0.003403354506575054]
distortion_uncertainty: [0.006449092740735967, 0.06244509197249987, 0.0001541916104457129, 0.0002474946249748648]
centriod_loc_uncertainty: 0
sensor_size: [6.144, 4.9152]
pixel_size: [0.0048, 0.0048]
avg_reprojection_error: 0
imagelist:
  []
...
