---
CameraID: 0
Name: "Slim 13E #22610"
path: ~
R: [0.2373418680024707, -0.9176470276503346, -0.3187362080743322, 0.8090210198187211, 0.005094465016280018, 0.5877576336532553, -0.5377302550392475, -0.3973637868134238, 0.743604863986729]
r_vec_u: [0.0007251407694106906, 0.0008974281082062662, 0.0003512499496469395]
T: [124.9680113140739, -171.9553452052457, 1481.409169206873]
T_u: [0.06706563436506556, 0.07047924168523068, 0.5300471104754981]
f: [2647.210476728144, 2647.210476728144]
f_u: [4.871949631450763, 4.871949631450763]
c: [651.6051943519481, 511.7568256072115]
c_u: [1.266507807982345e-13, 1.093115440551087e-13]
distortion: [-0.3193749509631298, -0.07577416870270266, -0.0003530860537205957, -0.001195415681329214]
distortion_uncertainty: [0.008075265431225496, 0.125089515383976, 0.0003019729958963987, 0.000555788928114567]
centriod_loc_uncertainty: 0
sensor_size: [6.144, 4.9152]
pixel_size: [0.0048, 0.0048]
avg_reprojection_error: 0
imagelist:
  []
...
---
CameraID: 1
Name: "Slim 13E #22611"
path: ~
R: [0.09445158182893831, -0.9901496796600946, -0.1033562313507185, 0.7916702433661358, 0.01175665848061363, 0.6108354989274718, -0.6036034496742165, -0.1395184319377985, 0.784982472855925]
r_vec_u: [0.001890332484588047, 0.001919133862869799, 0.0004832642433286885]
T: [84.3811289994332, -181.8054616969703, 1669.08975932857]
T_u: [0.08558247398508072, 0.1348376975530655, 0.9204049455406312]
f: [2662.49232496757, 2670.797594469044]
f_u: [5.084007583311623, 5.084007583311623]
c: [730.0693139519935, 587.2732505506692]
c_u: [1.181492790063692e-13, 2.023720696951713e-13]
distortion: [-0.664691713889548, 0.1450233543736457, 0.004104789786131902, 0.000105021588509519]
distortion_uncertainty: [0.007390868397065414, 0.1122534553760753, 0.0003702464480358469, 0.0003901847644368078]
centriod_loc_uncertainty: 0
sensor_size: [6.144, 4.9152]
pixel_size: [0.0048, 0.0048]
avg_reprojection_error: 0
imagelist:
  []
...
---
CameraID: 2
Name: "Slim 13E #22612"
path: ~
R: [-0.04524760831229613, -0.9970591353520722, 0.06185252260817503, 0.7740972651036772, 0.004142064540162554, 0.6330531316251049, -0.6314476051906637, 0.07652400873139686, 0.7716333313087589]
r_vec_u: [0.001968251580805736, 0.001847176359054516, 0.0005535284235659383]
T: [-5.797468355838418, -133.7503720102993, 1624.602794156541]
T_u: [0.1285091966092065, 0.1690777692206159, 1.478836783430097]
f: [2683.710537089786, 2688.737364670742]
f_u: [3.685285647828862, 3.685285647828862]
c: [708.6650845844258, 521.279630116662]
c_u: [1.266507807982345e-13, 1.057974725004684e-13]
distortion: [-0.6522022148126134, 0.2860748417927364, -0.0001345570304307857, -6.0233488703024e-05]
distortion_uncertainty: [0.005427307905746687, 0.05904121303487846, 0.0002390827108893495, 0.0002587377554178421]
centriod_loc_uncertainty: 0
sensor_size: [6.144, 4.9152]
pixel_size: [0.0048, 0.0048]
avg_reprojection_error: 0
imagelist:
  []
...
---
CameraID: 3
Name: "Slim 13E #22613"
path: ~
R: [-0.2398936269962804, -0.914963987311879, 0.3244872103009872, 0.8060527057345507, -0.001444591030437758, 0.591841996427057, -0.5410453615960304, 0.4035329169709732, 0.737855745804231]
r_vec_u: [0.002076194543724894, 0.001908979096027087, 0.0006783862288072568]
T: [-56.71262232701952, -138.7954645574078, 1590.101198373376]
T_u: [0.2648544954000294, 0.2040520793165483, 2.178477917968532]
f: [2724.987775128384, 2730.054060993035]
f_u: [4.199239214307529, 4.199239214307529]
c: [677.3832791944037, 519.2115207593122]
c_u: [1.266507807982345e-13, 8.031698357305928e-14]
distortion: [-0.695321644973163, 0.7004737175563988, -0.001909547509031923, -0.001179937934363252]
distortion_uncertainty: [0.005367464165413786, 0.04607103818450933, 0.0002364105980031148, 0.0001713657992653548]
centriod_loc_uncertainty: 0
sensor_size: [6.144, 4.9152]
pixel_size: [0.0048, 0.0048]
avg_reprojection_error: 0
imagelist:
  []
...
---
CameraID: 4
Name: "Slim 13E #22614"
path: ~
R: [0.2493943781525742, 0.875993118216127, 0.4128419806462001, -0.8440326166903164, -0.01238339089737004, 0.5361488539508226, 0.4747750900255703, -0.4821646072327059, 0.7362784156983975]
r_vec_u: [0.002275454756023722, 0.001909997090122376, 0.0009491126571895257]
T: [-61.11315916607536, -41.45493631010154, 1434.737304345658]
T_u: [0.0967762090952918, 0.2265868547513551, 2.673414302059804]
f: [2578.093781947117, 2578.789025750904]
f_u: [5.68320054643161, 5.68320054643161]
c: [643.7448803426546, 602.6539636357234]
c_u: [0, 1.971419841118057e-13]
distortion: [-0.662177952034979, 0.377944531762298, 0.004174462651277348, 0.002311410668957398]
distortion_uncertainty: [0.005195900850223012, 0.02608500124162448, 0.0005100759133655846, 0.0002183589579995432]
centriod_loc_uncertainty: 0
sensor_size: [6.144, 4.9152]
pixel_size: [0.0048, 0.0048]
avg_reprojection_error: 0
imagelist:
  []
...
---
CameraID: 5
Name: "Slim 13E #22615"
path: ~
R: [0.134750571390253, 0.9856259659772215, 0.101900631506723, -0.8056676712896793, 0.04911535700069553, 0.5903281165126384, 0.5768378341862341, -0.1616450954967793, 0.8007052991913887]
r_vec_u: [0.001437733811464671, 0.001934737116400833, 0.0003627612801293871]
T: [-79.54818522297448, -115.1163603658126, 1656.448903474064]
T_u: [0.04143878028978116, 0.1475336104614357, 0.8402988829213143]
f: [2771.447732837129, 2775.829833243899]
f_u: [4.337025459594721, 4.337025459594721]
c: [607.5522004964107, 629.2165654018222]
c_u: [2.320622857404618e-14, 1.059000670050854e-13]
distortion: [-0.7046273121133202, 0.7979972122828128, -0.00237422903683597, 0.002827860221219294]
distortion_uncertainty: [0.005472485499339451, 0.05018571860355499, 0.0004589403778297633, 0.0003964344660453984]
centriod_loc_uncertainty: 0
sensor_size: [6.144, 4.9152]
pixel_size: [0.0048, 0.0048]
avg_reprojection_error: 0
imagelist:
  []
...
---
CameraID: 6
Name: "Slim 13E #22616"
path: ~
R: [-0.117729266247354, 0.9871277904547308, -0.1082522294496547, -0.7952176168493835, -0.02842246300963441, 0.6056575810215316, 0.5947846347386982, 0.1573877025323993, 0.7883275647662754]
r_vec_u: [0.001261341064456669, 0.001707976743066278, 0.0004710391120325794]
T: [-126.8971951348989, -60.87291524342061, 1585.80928887102]
T_u: [0.1016737344470938, 0.07440907673793376, 1.364566972113849]
f: [2690.221267849983, 2686.052461480543]
f_u: [4.094547162245975, 4.094547162245975]
c: [786.5449988935866, 526.1771778712672]
c_u: [1.630846760878261e-13, 1.236895168577665e-13]
distortion: [-0.6727265437984697, 0.2785217976502436, -0.002445368856549978, -0.002192924839677324]
distortion_uncertainty: [0.006401044953464575, 0.04803102682064163, 0.0003604331395309838, 0.000214563261766445]
centriod_loc_uncertainty: 0
sensor_size: [6.144, 4.9152]
pixel_size: [0.0048, 0.0048]
avg_reprojection_error: 0
imagelist:
  []
...
---
CameraID: 7
Name: "Slim 13E #22617"
path: ~
R: [-0.2617187540541001, 0.8913348387548288, -0.3701695543913264, -0.8335756386925979, -0.01543593725843798, 0.5521896290398631, 0.4864719399457664, 0.4530827044402131, 0.747034881770956]
r_vec_u: [0.001183423769493491, 0.001505633473811639, 0.0003623449432731313]
T: [-119.1427016971541, -51.59072255034119, 1439.672797279033]
T_u: [0.1320311094860044, 0.07439293867242355, 1.748740158915071]
f: [2720.037833786839, 2711.137353461608]
f_u: [2.623830921015241, 2.623830921015241]
c: [802.5810292251293, 584.0526860537769]
c_u: [2.499737849681129e-13, 2.038568299633197e-13]
distortion: [-0.6309334818558432, -0.03216965352820856, -0.0001177105075168189, -0.003403354506575054]
distortion_uncertainty: [0.006449092740735967, 0.06244509197249987, 0.0001541916104457129, 0.0002474946249748648]
centriod_loc_uncertainty: 0
sensor_size: [6.144, 4.9152]
pixel_size: [0.0048, 0.0048]
avg_reprojection_error: 0
imagelist:
  []
...
